503,977 -&gt; 843,637
437,518 -&gt; 437,225
269,250 -&gt; 625,250
846,751 -&gt; 646,751
18,731 -&gt; 402,731
749,923 -&gt; 749,986
557,758 -&gt; 557,797
589,54 -&gt; 589,616
20,136 -&gt; 819,935
123,983 -&gt; 12,983
802,624 -&gt; 709,624
600,458 -&gt; 128,458
209,703 -&gt; 459,703
944,415 -&gt; 742,415
270,718 -&gt; 656,332
168,339 -&gt; 283,339
558,172 -&gt; 695,309
519,524 -&gt; 480,524
456,400 -&gt; 134,722
355,961 -&gt; 352,961
757,158 -&gt; 49,866
300,254 -&gt; 618,254
554,275 -&gt; 859,275
47,612 -&gt; 622,37
696,885 -&gt; 696,856
342,803 -&gt; 342,429
830,649 -&gt; 254,73
54,921 -&gt; 958,17
72,691 -&gt; 818,691
80,72 -&gt; 80,546
762,649 -&gt; 762,371
117,39 -&gt; 605,39
778,605 -&gt; 610,773
159,25 -&gt; 67,25
462,825 -&gt; 766,825
295,167 -&gt; 357,167
741,379 -&gt; 11,379
942,230 -&gt; 942,26
802,672 -&gt; 802,311
672,759 -&gt; 330,759
419,97 -&gt; 848,526
244,262 -&gt; 938,956
281,988 -&gt; 281,879
471,451 -&gt; 471,907
238,387 -&gt; 238,665
907,129 -&gt; 907,368
119,734 -&gt; 155,770
306,119 -&gt; 306,568
166,175 -&gt; 166,277
591,32 -&gt; 591,855
779,324 -&gt; 916,324
785,245 -&gt; 884,245
504,884 -&gt; 781,884
405,967 -&gt; 664,967
17,16 -&gt; 989,988
429,944 -&gt; 729,944
15,31 -&gt; 918,934
22,963 -&gt; 971,14
199,280 -&gt; 481,562
792,550 -&gt; 792,485
215,141 -&gt; 215,58
511,560 -&gt; 511,224
940,134 -&gt; 166,908
666,212 -&gt; 666,193
881,514 -&gt; 117,514
271,416 -&gt; 614,73
354,784 -&gt; 354,41
866,152 -&gt; 866,969
75,924 -&gt; 868,131
944,507 -&gt; 944,556
726,315 -&gt; 624,315
195,122 -&gt; 593,520
463,311 -&gt; 946,794
734,698 -&gt; 734,953
520,98 -&gt; 915,98
125,139 -&gt; 616,139
570,841 -&gt; 206,477
430,442 -&gt; 430,893
653,59 -&gt; 653,155
906,883 -&gt; 314,291
932,157 -&gt; 100,989
526,244 -&gt; 362,244
28,837 -&gt; 792,73
386,426 -&gt; 386,673
121,66 -&gt; 203,66
747,121 -&gt; 392,476
590,989 -&gt; 230,989
795,83 -&gt; 795,398
741,522 -&gt; 741,677
142,166 -&gt; 470,166
13,645 -&gt; 493,165
418,567 -&gt; 418,970
94,877 -&gt; 782,189
603,426 -&gt; 603,916
364,304 -&gt; 191,304
754,146 -&gt; 754,507
294,678 -&gt; 438,678
641,633 -&gt; 217,633
31,133 -&gt; 831,933
250,976 -&gt; 250,355
274,558 -&gt; 899,558
818,507 -&gt; 693,507
414,465 -&gt; 924,975
116,729 -&gt; 116,951
960,843 -&gt; 149,32
724,127 -&gt; 498,353
552,43 -&gt; 964,43
224,853 -&gt; 224,363
768,214 -&gt; 768,88
518,414 -&gt; 518,119
917,824 -&gt; 948,824
37,81 -&gt; 882,926
333,390 -&gt; 967,390
175,453 -&gt; 388,240
960,395 -&gt; 960,697
468,37 -&gt; 468,275
745,318 -&gt; 425,318
676,425 -&gt; 903,198
531,663 -&gt; 86,663
557,834 -&gt; 557,967
650,931 -&gt; 383,664
906,197 -&gt; 906,567
675,637 -&gt; 326,288
227,977 -&gt; 51,977
347,524 -&gt; 793,970
778,850 -&gt; 778,342
343,155 -&gt; 343,739
970,167 -&gt; 161,976
800,127 -&gt; 800,667
531,533 -&gt; 193,533
222,776 -&gt; 222,873
922,29 -&gt; 13,938
452,808 -&gt; 452,793
926,142 -&gt; 926,198
940,93 -&gt; 55,978
335,51 -&gt; 938,654
789,352 -&gt; 307,352
457,419 -&gt; 469,419
463,12 -&gt; 463,132
881,95 -&gt; 431,95
531,57 -&gt; 531,40
179,308 -&gt; 516,308
767,907 -&gt; 629,907
362,457 -&gt; 362,262
774,896 -&gt; 154,276
549,243 -&gt; 247,243
130,933 -&gt; 202,933
266,639 -&gt; 189,716
209,717 -&gt; 209,844
625,296 -&gt; 625,575
739,785 -&gt; 873,785
713,857 -&gt; 94,238
97,28 -&gt; 937,868
876,734 -&gt; 344,202
180,608 -&gt; 557,608
669,566 -&gt; 669,389
112,779 -&gt; 267,624
325,669 -&gt; 449,669
102,915 -&gt; 357,915
882,839 -&gt; 882,512
330,699 -&gt; 330,858
773,851 -&gt; 773,429
171,187 -&gt; 450,187
166,726 -&gt; 166,74
15,134 -&gt; 750,869
245,126 -&gt; 245,518
919,484 -&gt; 919,602
918,900 -&gt; 918,372
736,515 -&gt; 708,487
790,777 -&gt; 790,303
479,541 -&gt; 381,541
85,243 -&gt; 317,475
619,441 -&gt; 619,823
688,658 -&gt; 688,404
381,475 -&gt; 891,985
461,529 -&gt; 145,213
833,885 -&gt; 404,885
315,502 -&gt; 315,770
450,934 -&gt; 740,934
634,334 -&gt; 634,202
785,866 -&gt; 785,913
976,627 -&gt; 976,102
65,491 -&gt; 570,491
974,257 -&gt; 503,728
662,938 -&gt; 720,938
232,472 -&gt; 215,472
805,504 -&gt; 805,476
99,909 -&gt; 99,399
64,947 -&gt; 926,85
123,645 -&gt; 153,615
908,10 -&gt; 92,826
49,174 -&gt; 819,944
115,136 -&gt; 863,884
695,91 -&gt; 695,612
715,527 -&gt; 550,362
914,125 -&gt; 914,86
14,980 -&gt; 981,13
14,308 -&gt; 14,355
356,895 -&gt; 766,485
989,10 -&gt; 10,989
833,292 -&gt; 833,184
786,785 -&gt; 733,785
824,53 -&gt; 116,53
349,547 -&gt; 349,66
594,189 -&gt; 636,189
359,399 -&gt; 769,809
600,751 -&gt; 600,46
520,236 -&gt; 228,528
978,610 -&gt; 978,832
689,575 -&gt; 258,575
664,734 -&gt; 850,920
245,672 -&gt; 245,878
337,509 -&gt; 578,509
893,613 -&gt; 380,613
875,608 -&gt; 875,444
264,701 -&gt; 946,19
358,267 -&gt; 358,648
926,61 -&gt; 926,378
46,885 -&gt; 190,885
662,131 -&gt; 82,131
301,53 -&gt; 301,533
21,839 -&gt; 915,839
92,174 -&gt; 113,174
145,680 -&gt; 294,680
268,773 -&gt; 268,193
698,893 -&gt; 809,893
300,512 -&gt; 807,512
749,408 -&gt; 279,408
439,214 -&gt; 439,172
622,740 -&gt; 339,740
400,253 -&gt; 400,486
859,686 -&gt; 387,214
974,485 -&gt; 974,486
70,987 -&gt; 951,106
630,449 -&gt; 630,544
796,212 -&gt; 608,24
835,959 -&gt; 835,725
779,755 -&gt; 96,72
582,778 -&gt; 440,636
350,479 -&gt; 827,479
924,40 -&gt; 605,40
918,832 -&gt; 918,617
669,590 -&gt; 191,112
748,214 -&gt; 748,462
350,703 -&gt; 163,703
393,791 -&gt; 393,240
569,857 -&gt; 569,939
412,375 -&gt; 412,603
488,975 -&gt; 22,509
100,372 -&gt; 100,685
170,669 -&gt; 212,669
546,734 -&gt; 546,274
492,172 -&gt; 492,354
36,134 -&gt; 801,899
501,773 -&gt; 582,773
287,694 -&gt; 287,939
381,988 -&gt; 367,988
609,360 -&gt; 609,478
310,158 -&gt; 25,443
409,716 -&gt; 409,27
655,959 -&gt; 383,687
16,697 -&gt; 611,102
184,290 -&gt; 930,290
580,79 -&gt; 598,97
950,65 -&gt; 777,65
144,288 -&gt; 821,965
986,685 -&gt; 986,412
549,702 -&gt; 549,369
841,148 -&gt; 259,730
958,31 -&gt; 958,810
12,908 -&gt; 856,64
264,793 -&gt; 264,960
249,115 -&gt; 249,935
707,714 -&gt; 108,714
527,192 -&gt; 982,647
703,883 -&gt; 703,580
535,346 -&gt; 543,346
851,185 -&gt; 83,953
984,586 -&gt; 984,681
913,574 -&gt; 350,11
317,221 -&gt; 405,221
398,673 -&gt; 160,435
953,264 -&gt; 547,670
790,115 -&gt; 538,367
943,236 -&gt; 295,884
571,746 -&gt; 571,231
286,318 -&gt; 131,318
143,251 -&gt; 436,544
838,435 -&gt; 793,435
732,782 -&gt; 732,407
244,287 -&gt; 244,335
376,29 -&gt; 75,29
604,732 -&gt; 738,732
730,30 -&gt; 533,30
891,474 -&gt; 891,25
786,140 -&gt; 368,140
951,583 -&gt; 828,460
665,897 -&gt; 44,276
217,905 -&gt; 742,905
745,583 -&gt; 256,583
923,22 -&gt; 23,922
763,336 -&gt; 943,516
755,678 -&gt; 755,101
35,790 -&gt; 706,119
841,658 -&gt; 841,634
986,66 -&gt; 986,412
740,69 -&gt; 740,878
852,733 -&gt; 453,733
657,273 -&gt; 215,715
239,824 -&gt; 239,79
340,482 -&gt; 340,238
969,834 -&gt; 303,168
238,718 -&gt; 931,718
603,63 -&gt; 603,363
596,135 -&gt; 367,135
184,474 -&gt; 184,612
39,60 -&gt; 920,941
456,103 -&gt; 894,541
929,35 -&gt; 738,35
199,528 -&gt; 707,528
649,251 -&gt; 134,766
969,209 -&gt; 719,459
568,45 -&gt; 306,307
259,703 -&gt; 426,536
964,737 -&gt; 342,115
101,890 -&gt; 604,890
57,223 -&gt; 812,978
939,99 -&gt; 167,871
920,438 -&gt; 920,247
185,384 -&gt; 643,384
489,783 -&gt; 121,415
837,938 -&gt; 250,351
63,920 -&gt; 945,38
475,45 -&gt; 510,10
881,872 -&gt; 141,132
24,238 -&gt; 24,468
409,523 -&gt; 409,706
200,309 -&gt; 631,740
586,385 -&gt; 900,385
219,250 -&gt; 219,327
854,526 -&gt; 854,725
946,343 -&gt; 946,267
847,746 -&gt; 717,616
172,203 -&gt; 346,29
693,652 -&gt; 545,652
824,115 -&gt; 192,115
843,908 -&gt; 333,908
769,784 -&gt; 662,784
490,535 -&gt; 490,524
545,699 -&gt; 11,699
792,544 -&gt; 287,39
895,712 -&gt; 895,41
887,350 -&gt; 624,350
614,475 -&gt; 924,165
93,961 -&gt; 265,789
57,71 -&gt; 852,866
282,738 -&gt; 844,176
898,251 -&gt; 898,669
949,872 -&gt; 866,872
765,408 -&gt; 545,408
691,503 -&gt; 235,959
198,491 -&gt; 227,462
973,40 -&gt; 56,957
802,402 -&gt; 752,402
911,60 -&gt; 911,932
545,244 -&gt; 110,244
461,26 -&gt; 461,18
916,308 -&gt; 161,308
368,476 -&gt; 515,476
656,916 -&gt; 409,669
118,950 -&gt; 118,135
963,294 -&gt; 365,294
855,713 -&gt; 323,713
849,930 -&gt; 48,129
36,337 -&gt; 588,889
941,394 -&gt; 941,697
685,170 -&gt; 323,170
423,683 -&gt; 423,152
81,522 -&gt; 121,522
357,598 -&gt; 159,796
211,192 -&gt; 211,50
615,607 -&gt; 270,952
687,384 -&gt; 687,128
81,896 -&gt; 925,52
591,988 -&gt; 20,988
950,740 -&gt; 605,740
818,772 -&gt; 623,772
790,405 -&gt; 790,775
483,34 -&gt; 718,34
309,190 -&gt; 309,894
391,83 -&gt; 483,83
721,201 -&gt; 721,843
990,464 -&gt; 990,171
479,707 -&gt; 688,707
23,775 -&gt; 510,775
783,863 -&gt; 867,779
594,151 -&gt; 208,151
416,936 -&gt; 416,720
981,972 -&gt; 120,111
773,476 -&gt; 138,476
604,900 -&gt; 604,395
824,437 -&gt; 531,437
621,948 -&gt; 32,948
802,26 -&gt; 887,26
836,335 -&gt; 836,784
134,585 -&gt; 634,85
649,87 -&gt; 649,263
756,804 -&gt; 638,804
982,26 -&gt; 21,987
134,976 -&gt; 914,196
612,539 -&gt; 612,141
977,11 -&gt; 22,966
40,80 -&gt; 40,644
725,562 -&gt; 604,562
377,649 -&gt; 352,624
418,146 -&gt; 130,434
848,927 -&gt; 848,970
243,350 -&gt; 342,449
46,10 -&gt; 46,112
800,654 -&gt; 272,126
910,633 -&gt; 910,426
296,619 -&gt; 882,33
75,922 -&gt; 497,500
267,616 -&gt; 864,616
884,694 -&gt; 624,694
13,656 -&gt; 831,656
389,390 -&gt; 389,316
26,24 -&gt; 987,985
193,557 -&gt; 589,161
18,13 -&gt; 978,973
43,951 -&gt; 614,951
581,398 -&gt; 885,94
943,525 -&gt; 279,525
787,83 -&gt; 137,83
729,271 -&gt; 729,18
100,383 -&gt; 100,690
337,266 -&gt; 102,266
106,640 -&gt; 298,832
83,65 -&gt; 543,65
102,872 -&gt; 663,872
921,765 -&gt; 921,782
764,392 -&gt; 471,685
325,987 -&gt; 802,987
983,43 -&gt; 983,852
833,475 -&gt; 416,58
25,270 -&gt; 686,931
145,433 -&gt; 151,433
132,329 -&gt; 973,329
611,494 -&gt; 98,494
401,633 -&gt; 866,168
532,126 -&gt; 532,448
988,894 -&gt; 361,894
249,177 -&gt; 249,133
832,71 -&gt; 832,245
263,70 -&gt; 263,152
548,333 -&gt; 548,748
98,570 -&gt; 438,910
954,41 -&gt; 41,954
336,199 -&gt; 336,843
117,974 -&gt; 845,246
831,456 -&gt; 890,515
690,114 -&gt; 804,114
94,108 -&gt; 94,672
289,104 -&gt; 107,286
248,580 -&gt; 229,580
11,284 -&gt; 885,284
401,802 -&gt; 186,802
359,245 -&gt; 558,46
310,85 -&gt; 310,714
920,577 -&gt; 979,577
492,236 -&gt; 276,452
650,961 -&gt; 49,360
118,705 -&gt; 118,794
970,24 -&gt; 80,914
943,454 -&gt; 943,30
875,935 -&gt; 716,776
241,717 -&gt; 392,717
694,345 -&gt; 620,345
533,435 -&gt; 467,435
827,166 -&gt; 374,166
633,849 -&gt; 884,849
414,640 -&gt; 875,179
240,790 -&gt; 709,321
48,222 -&gt; 104,222
889,897 -&gt; 44,52
980,438 -&gt; 455,963
469,875 -&gt; 469,706
572,869 -&gt; 250,547
834,11 -&gt; 834,188
395,966 -&gt; 395,547
12,681 -&gt; 567,681
268,957 -&gt; 947,957
450,478 -&gt; 893,921
418,707 -&gt; 602,891
404,303 -&gt; 218,489
657,232 -&gt; 657,945
518,392 -&gt; 518,621
268,959 -&gt; 896,331
886,616 -&gt; 841,616
375,503 -&gt; 375,387
